17169108
17169115
17169117
17169118
17170003
17170005
17170011
17170012
17170023
17170024
17170025
17170026
17170028
17170029
17170030
17170033
17170036
17170037
17170038
17170043
17170044
17170045
17170046
17170047
17170048
17170049
17170051
17171003
17171004
17171005
17171006
17171009
17171017
17171018
17171019
17171020
17171021
17171022
17171023
17171024
17171025
17171026
17171027
17171028
17171029
17171030
17171031
17171032
17171033
17171034
17171035
17171038
17171040
17171041
17172001
17172002
17172003
17172005
17172006
17172007
17172008
17172010
17172011
17172013
17172014
17172015
17172016
17172017
17172018
17172025
17172026
17172027
17172029
17172030
17172031
17172032
17172033
17172034
17172035
17172036
17172037
17172038
17172040
17172041
17172042
17172044
17172045
17172046
17172047
17172048
17172050
17172052
17172053
17173002
17173003
17173004
17173005
17173006
17173007
17173018
17173019
17173020
17173021
17173022
17173023
17173024
17173025
17173026
17173027
17173029
17173030
17173031
17173032
17173033
17173034
17173035
17173036
17173037
17173038
17173039
17173040
17173041
17174001
17174003
17174004
17174005
17174006
17174007
17174008
17174009
17174010
17174011
17174012
17174013
17174014
17174099
17174100
17174101
17174102
17174103
17174104
17174105
17174106
17174107
17174109
17174110
17174111
17174112
17175001
17175007
17175008
17175009
17175010
17175011
17175012
17175013
17175014
17175015
17175016
17175017
17175018
17175020
17175022
17175023
17175024
17175033
17175034
17175035
17175036
17175037
17175038
17175040
17175041
17175042
17175043
17175044
17175046
17175047
17176001
17176002
17176006
17176007
17176009
17176010
17176011
17176012
17176013
17176014
17176015
17176061
17176062
17176064
17176066
17176067
17176068
17177001
17177002
17177003
17177004
17177005
17177006
17177007
17177008
17177009
17177010
17177012
17177013
17177014
17177015
17177016
17177017
17177018
17177019
17177021
17177022
17177024
17177026
17177029
17177035
17177036
17177040
17177041
17177042
17177043
17177044
17177045
17177046
17177047
17177048
17177049
17177050
17177051
17177052
17177053
17178001
17178003
17178004
17178005
17178006
17178007
17178008
17178009
17178010
17178011
17178012
17178013
17178016
17178017
17178018
17178019
17178030
17178031
17178032
17178033
17178034
17178035
17178036
17178040
17178048
17178049
17178050
17178051
17178053
17178054
17178055
17179001
17179002
17179003
17179005
17179006
17179007
17179008
17179009
17179010
17179011
17179012
